reserved_for_new: 0.0
theories:
  bayesian_diagnosticity: 5.999994000006001e-06
  encoding_compressibility: 0.0
  falk_konold_complexity: 0.0
  inner_loop_model: 4.999995000005001e-06
  iter0_candidate0: 0.12473687526312474
  iter0_candidate2: 0.0
  iter1_candidate0: 0.32554967445032557
  iter1_candidate2: 0.0
  prototype_similarity: 0.0027229972770027233
  smoothed_prototype_distance: 0.5469794530205471
  window_typicality: 0.0
